# -*- coding: utf-8; -*-

Bana : Slottsskogen 2012

#------------------------------------------------------------------------------

Division : Riddare

Namn       : Jonas Hed
2012-04-17 : 51 = 3 3 2 2 4 3 2 3 4 2 3 3 3 4 2 2 3 3 : ctp=7,10,16
2012-04-24 : 50 = 2 4 3 2 3 3 2 4 2 5 3 3 3 3 2 2 2 2 : ctp=9,16

Namn       : Richard Kilander
2012-04-17 : 50 = 3 2 3 2 4 2 3 3 3 4 3 3 2 3 3 3 2 2 : ctp=17
2012-04-24 : 53 = 4 2 3 4 3 2 4 3 3 3 2 3 4 3 2 3 2 3 : ctp=15

Namn       : Dan Johansson
2012-04-17 : 61 = 2 3 3 4 3 4 3 3 3 5 2 4 3 4 4 4 4 3
2012-04-24 : 55 = 4 3 4 2 2 3 3 3 3 4 2 5 3 3 2 3 4 2 : ctp=5

Namn       : Martin Molin
2012-04-24 : 52 = 2 3 3 2 3 3 3 3 3 2 4 3 3 3 3 2 4 3 : ctp=1,16

Namn       : Oskar Folkesson
2012-04-17 : 45 = 3 3 3 2 3 3 3 3 2 2 2 3 3 2 2 2 2 2 : ctp=9,10,14,15
2012-04-24 : 49 = 2 2 3 2 3 2 2 4 3 3 3 3 3 3 2 3 3 3 : ctp=1,7,15

Namn       : Johan Rosén
2012-04-17 : 55 = 3 3 2 4x 4 3 3 3 2 3 4 3 3 3 3 3 3 3
2012-04-24 : 49 = 3 2 3 2 3 3 3 3 3 2 2 3 3 3 3 3 2 3 : ctp=10

Namn       : Mihaly Rapcsak
2012-04-17 : 58 = 2 3 3 4x 4 3 3 3 4 3 4 4 3 2 3 3 4 3
2012-04-24 : 59 = 3 3 3 3 4 3 3 3 2 7 3 3 4 4 3 2 3 3

Namn       : Johan Grotenfelt
2012-04-17 : 59 = 4x 3 3 3 5 3 3 4 3 2 3 3 2 5 2 6 3 2 : ctp=10
2012-04-24 : 54 = 3 2 2 3 2 2 3 3 3 4 4 2 3 4 3 5 3 3

Namn       : Martin Grotenfelt
2012-04-24 : 48 = 2 3 3 3 2 3 2 3 3 2 3 2 3 3 3 2 4 2 : ctp=12,16,18

Namn       : Fredrik Andersson
2012-04-17 : 54 = 4x 4 2 4x 3 4 2 3 4 2 3 3 3 3 3 2 2 3 : ctp=10,16
2012-04-24 : 51 = 4x 3 2 2 3 3 4 3 2 2 3 3 3 3 2 3 3 3 : ctp=10

Namn       : Tobias Östling
2012-04-17 : 51 = 2 2 4 3 3 2 4 3 4 3 3 2 4 2 3 2 2 3

Namn       : Fredrik Ivarsson
2012-04-17 : 56 = 3x 3 2 6 3 3 4 4 2 2 2 2 2 4 4 3 4 3 : ctp=9
2012-04-24 : 55 = 2 3 4 4 3 3 3 3 3 2 3 3 3 3 2 5 3 3 : ctp=10

Namn       : Hugo Landgren
2012-04-17 : 57 = 4x 3 2 3 3 4 4 3 3 2 4 3 2 4 2 3 4 4x : ctp=10
2012-04-24 : 52 = 4x 3 3 2 4 3 3 3 2 2 4 3 4 3 2 2 2 3 : ctp=9,15

Namn       : Josef Alexandersson
2012-04-17 : 54 = 2 2 3 2 3 4 3 4 2 5 3 3 3 3 3 2 4 3 : ctp=1

Namn       : Jared Farrell
2012-04-17 : 50 = 2 3 3 3 3 3 3 3 3 2 2 3 2 4 3 3 3 2 : ctp=10
2012-04-24 : 54 = 3 3 3 2 3 4 4 3 3 6 2 3 3 2 3 2 3x 2 : ctp=18

Namn       : Håkan Johansson
2012-04-17 : 50 = 3 2 2 2 3 2 3 5 4 2 3 3 4 3 2 3 2 2
2012-04-24 : 49 = 4 2 3 2 3 3 2 4 3 3 3 2 3 2 3 2 3 2 : ctp=14,16

Namn       : Anders Derkum
2012-04-17 : 52 = 2 3 3 3 2 4 3 3 4 3 2 3 2 3 3 3 3 3 : ctp=13

Namn       : Karl Arnby
2012-04-17 : 48 = 3 3 2 3 3 3 3 4 3 2 3 2 2 2 2 2 3 3 : ctp=16
2012-04-24 : 49 = 3 3 2 2 3 2 3 2 2 5xx 3 2 3 4 2 3 2 3 : ctp=6

Namn       : Calle Ulvinen
2012-04-24 : 50 = 2 2 3 2 3 2 4 3 3 4x 3 2 2 3 3 3 4 2 : ctp=6,13

Namn       : Ragnar Lagergren
2012-04-24 : 56 = 4 3 3 4 3 2 3 2 3 5 2 4 3 3 3 4 2 3

Namn       : Tomas Carlqvist
2012-04-24 : 55 = 4x 2 3 3 3 3 3 4 5 2 3 5 3 2 3 2 3 2 : ctp=10,16

#------------------------------------------------------------------------------

Division : Dam

Namn       : Linda Emanuelsson
2012-04-17 : 54 = 2 2 4 2 2 3 3 3 3 3 2 6 6 2 3 2 3 3 : ctp=5,16
2012-04-24 : SUDDEN 62 = 4x 3 3 2 3 4 3 4 5 2 5 2 4 3 4 4 3 4 : ctp=10

Namn       : Lovisa Samuelsson
2012-04-17 : 66 = 3 4 3 4 3 4 3 4 5 4 3 3 4 3 5 3 4 4
2012-04-24 : 62 = 3 3 2 6x 3 4 3 3 4 4x 3 3 4 3 3 4 3 4

Namn       : Emma Larsson
2012-04-17 : 75 = 4 4 5 4 4 4 3 5 3 6 3 4 4 6 4 4 4 4
2012-04-24 : 79 = 4 4 4 6 4 5 5 4 5 4 4 4 4 5 4 4 6 3

Namn       : Malin van Ham
2012-04-17 : 78 = 4 5 5 5 3 4 6 6 3 5 4 4 4 4 4 6 3 3
2012-04-24 : 77 = 5 4 6 4 4 4 3 4 4 4 3 5 5 5 4 4 5 4

Namn       : Marianne Söderberg
2012-04-17 : 67 = 3 3 7 4 4 4 3 3 4 5 4 3 4 3 4 3 3 3
2012-04-24 : 62 = 4 3 3 5 3 4 3 4 4 3 3 3 3 4 3 3 3 4

Namn       : Suzanne Edwardsson
2012-04-17 : 73 = 4x 4 5 4 4 4 3 6 3 4 4 3 4 6 3 3 5 4

Namn       : Therese Johansson
2012-04-24 : 87 = 6x 4 5 3 6 4 6 4 5 4x 5 5 6 5 5 6 4 4

Namn       : Kia Norén
2012-04-24 : 85 = 4 4 6 5 6 4 4 6 6 4 5 4 5 5 4 4 5 4

#------------------------------------------------------------------------------

Division : Knekt

Namn       : Johan Västfält
2012-04-17 : 59 = 2 4 2 4 3 3 5 3 3 3 3 4 2 4 3 3 4 4 : ctp=1,13

Namn       : Henric Andersson
2012-04-17 : 64 = 2 4 3 4 4 4 5 3 4 4 3 3 3 4 3 3 3 5 : ctp=1

Namn       : Henrik Larsson
2012-04-17 : 70 = 4 6 4 4 4 3 3 3 4 4 3 5 3 4 4 4 5 3
2012-04-24 : 60 = 4 3 2 3 4 3 4 3 3 4 3 3 3 4 3 3 5 3

Namn       : Fredrik Aronsell
2012-04-17 : 52 = 3 3 2 2 4 2 3 5 4 2 3 3 4 2 3 2 2 3 : ctp=10,16
2012-04-24 : 55 = 3 3 3 2 3 3 3 4 3 2 3 3 5 3 3 3 3 3

Namn       : Andreas Litfeldt
2012-04-17 : 58 = 3 4 3 2 3 3 3 3 4 4 2 3 3 4 4 4 3 3
2012-04-24 : 52 = 2 3 3 4 2 3 3 3 2 3 2 3 4 3 3 2 4 3

Namn       : Patrik Einarsson
2012-04-24 : 58 = 5 3 3 2 3 3 4 4 3 3 3 3 3 3 2 5 3 3 : ctp=15

Namn       : Mikey Lennartsson
2012-04-17 : 66 = 2 3 3 4 5 2 3 3 6 4 4 3 4 4 4 3 6 3
2012-04-24 : 62 = 3 4 4 4 4 3 4 4 3 3 4 4 3 4 3 2 3 3

Namn       : Mattias Lidqvist
2012-04-17 : 69 = 4 4 5 4 4 3 5 4 4 4 3 4 3 3 3 5 3 4
2012-04-24 : 68 = 3 3 3 4 5 5 5 4 4 4 3 4 3 3 3 5 4 3

Namn       : Patrik Axelsson
2012-04-17 : 58 = 4 3 2 3 4 3 4 3 4 5 3 3 3 3 3 2 3 3
2012-04-24 : 49 = 2 3 2 2 5 3 3 3 2 3 3 2 3 3 2 2 3 3

Namn       : Tobias Hellström
2012-04-17 : 64 = 3 4 3 5 3 3 3 4 4 3 5 3 5 3 3 2 4 4 : ctp=16
2012-04-24 : 62 = 2 4 3 4 4 3 4 3 3 4 4 4 3 3 3 4 3 4

Namn       : Anton Hellström
2012-04-17 : 68 = 4 4 5 4 4 3 4 4 3 4 3 3 4 4 3 3 5 4
2012-04-24 : 62 = 3 3 3 4 3 3 5 4 3 4 3 4 4 3 3 3 3 4

Namn       : Jonathan Altvall
2012-04-17 : 67 = 4 4 3 5 4 3 3 5 4 2 4 3 5 2 5 5 4 2
2012-04-24 : 60 = 3 3 3 3 3 4 3 3 3 3 4 3 3 4 3 3 6 3

Namn       : Oscar Rehnborg
2012-04-17 : 63 = 4 5 4 4 4 4 3 3 3 3 3 3 4 3 3 3 4 3
2012-04-24 : 56 = 3 3 3 2 3 3 3 3 5 3 3 2 3 3 4 4 3 3

Namn       : Simon Abrahamsson
2012-04-17 : 58 = 3 2 2 3 4 3 4 5 4 3 3 2 3 5 3 3 3 3
2012-04-24 : 56 = 3 3 3 4 3 4 3 3 5 2 3 3 3 2 3 3 3 3

Namn       : Joel Hagman
2012-04-17 : 55 = 4 3 2 3 3 3 3 3 4 4 3 2 3 3 3 3 3 3
2012-04-24 : 58 = 3 3 2 5 4 3 3 3 3 4 3 3 3 3 3 2 4 4

Namn       : Johnny Hagman
2012-04-17 : 61 = 3 4 3 4 3 3 4 4 4 3 3 3 3 5 3 3 3 3

Namn       : Jonathan Magnusson
2012-04-17 : 88 = 4 5 5 5 5 6 5 6 6 4 4 5 5 5 5 3 6 4

Namn       : Anders Tureson
2012-04-17 : 60 = 4x 4 3 4x 4 2 3 4 3 4x 3 3 4 3 4 2 3 3 : ctp=3,6
2012-04-24 : 67 = 3 5 3 3 4 3 3 5 3 5 3 4 3 3 5 4 4 4

Namn       : Magnus Johansson
2012-04-17 : 58 = 2 3 3 4x 4 3 4 3 2 4x 3 3 3 5 3 2 4 3 : ctp=1
2012-04-24 : 59 = 2 4 3 3 3 3 4 4 3 4x 3 3 4 3 3 2 5 3 : ctp=1

Namn       : Jukka Salminen
2012-04-17 : 62 = 3 3 3 5x 3 3 4 3 4 4x 3 3 4 3 4 2 3 5x

Namn       : Kaj L.
2012-04-17 : 61 = 4x 4 3 4 3 3 4 3 2 5x 4 2 4 4 3 2 4 3 : ctp=12
2012-04-24 : 56 = 4 3 3 2 3 4 4 3 3 2 3 3 3 4 3 3 3 3 : ctp=10

Namn       : David Stenberg
2012-04-17 : 63 = 2 4 3 3 3 4 3 3 3 4 4 3 5 5 3 2 5 4 : ctp=16
2012-04-24 : 66 = 3 3 3 3 3 4 4 3 6 4x 3 4 4 4 4 4 3 4

Namn       : Johan Elmqvist
2012-04-17 : 57 = 3 3 3 4 3 4 2 3 5 2 3 4 3 4 3 3 3 2 : ctp=7
2012-04-24 : 56 = 4 3 3 3 3 3 4 4 3 3 3 3 3 3 3 2 3 3

Namn       : Martin Skoog
2012-04-17 : 60 = 4 3 3 2 3 3 4 3 4 4 3 4 3 3 5 3 3 3
2012-04-24 : 54 = 3 3 3 3 3 4 3 4 3 3 3 2 2 3 3 3 4 2

Namn       : Andreas Westin
2012-04-17 : 66 = 3 4 4 4 3 3 6 4 4 3 3 4 4 4 2 3 4 4 : ctp=15

Namn       : Andreas Jorstedt
2012-04-17 : 64 = 3 2 5 4 4 2 5 4 4 3x 3 4 4 3 3 2 5 4
2012-04-24 : DNF = 3 3 2 - - 3 3 3 4 4 3 3 3 5 4 2 3 3 : ctp=16

Namn       : Mattias Jorstedt
2012-04-17 : 66 = 3 5 3 5 3 3 3 3 3 6x 3 3 4 4 3 3 6 3
2012-04-24 : 51 = 2 3 2 3 4 3 3 3 3 3 2 4 3 3 2 2 3 3 : ctp=1

Namn       : Olle Borg
2012-04-24 : 61 = 3 2 4 4x 3 4 4 3 4 3 4 3 3 4 2 3 4 4 : ctp=15

Namn       : Jimmy Byström
2012-04-17 : 62 = 3 4 2 3 3 3 5 4 3 3 4 5 4 3 3 4 3 3
2012-04-24 : 63 = 3 4 4 2 3 3 3 5 4 3 3 4 3 4 3 4 3 5

Namn       : Putte Andersson
2012-04-17 : 58 = 3 3 3 4 3 3 3 3 3 3 4 3 4 3 3 4 3 3
2012-04-24 : 64 = 4 3 3 4 3 4 3 4 5 5 3 4 3 4 4 2 3 3

Namn       : Ragge Neumann
2012-04-17 : 62 = 4 3 3 3 3 3 4 3 3 4 4 3 4 4 4 4 3 3

Namn       : Erik Åkerlund
2012-04-17 : 69 = 3 5 3 4 4 3 4 4 5 4 3 3 4 4 3 4 5 4
2012-04-24 : 62 = 4 3 5 2 4 3 3 3 4 3 3 3 7 3 4 3 3 2

Namn       : Per Norin
2012-04-17 : 60 = 4 3 3 3 3 3 4 3 4 2 3 4 4 4 3 3 4 3

Namn       : Damien Priest
2012-04-17 : 67 = 3 4 6 3 3 5 4 4 4 3 3 3 4 6 3 3 3 3

Namn       : Andreas Kahnberg
2012-04-17 : 57 = 3 2 3 4 3 3 2 3 3 2 3 4 3 5 3 3 5 3 : ctp=10
2012-04-24 : 58 = 3 3 2 5 4 3 4 3 3 4 2 3 3 4 2 3 5 2 : ctp=15

Namn       : Henrik Bäck
2012-04-17 : 59 = 3 4 3 2 3 3 4 4 3 3 4 3 3 3 4 2 4 4
2012-04-24 : 62 = 3 3 2 4 3 3 4 3 5 5 3 2 3 3 2 8 3 3 : ctp=12

Namn       : Per Brantgärde
2012-04-17 : 58 = 2 4 3 3 4 3 3 4 4 4 2 3 3 3 3 3 4 3 : ctp=1,11

Namn       : Robert Sjölander
2012-04-17 : 58 = 2 4 3 4 2 3 3 3 3 3 3 3 3 4 3 6 3 3
2012-04-24 : 57 = 2 5 3 2 5 3 4 3 4 4 2 4 3 4 2 2 3 2 : ctp=1,16,18

Namn       : Roland Johansson
2012-04-24 : 85 = 3 5 3 9ppp 4 5 4 6 4 4 4 5 6 7 3 4 5 4

Namn       : Urban Lindgren
2012-04-24 : 58 = 3 2 5 5 5 4 4 3 3 2 3 3 3 3 3 2 3 2 : ctp=16

Namn       : Johan Wästfält
2012-04-24 : 60 = 3 3 3 4 3 2 3 3 3 4 6 5 3 3 3 4 2 3

Namn       : Mats Lindgren
2012-04-24 : 56 = 3 3 3 3 4 3 3 4 3 3 3 3 2 4 3 3 3 3 # TODO ??? sida 8

Namn       : Janne
2012-04-24 : 61 = 4 3 3 3 3 3 4 5 3 3 3 5 2 3 3 5 3 3 : ctp=13

Namn       : Carl Fritzell
2012-04-24 : 64 = 3 4 3 4 3 5 5 3 6 2 4 4 3 3 3 3 3 3 : ctp=10

Namn       : Fredrik Danielsson
2012-04-24 : 56 = 2 3 2 3 3 3 3 3 2 4 4 2 4 5 3 4 3 3

Namn       : Roger Naumanen
2012-04-24 : 60 = 3 3 3 3 3 4 3 4 3 3 3 3 4 5 3 3 4 3

Namn       : Johan Karlsson
2012-04-24 : 60 = 2 4 5 2 4 3 6 3 4 2 3 2 3 3 3 5 3 3

#------------------------------------------------------------------------------

Division : Väpnare

#------------------------------------------------------------------------------
